-193069539 -1449432186 -1625295163 -126104563 -1573725745 224441057 1921126260 -516142671 -324242722 1691267388 
1064960780 483165989 1527136157 -405670924 1966875178 1047242976 659093788 744264718 -1904183519 -1731484815 
857580204 -1794047637 247202593 294558679 1579877793 619826489 -825349740 1305049360 1424532825 -2111887445 
1619979723 -333088017 1641967485 -1123941141 1213261529 1350822450 -587682682 1389370703 -281801281 2007250387 
1762391171 -1991033653 -1621833271 -1065479778 790440984 294753702 1437916982 -905549309 -574763575 781978224 
1668424734 -1204862675 286065528 -123559117 -2101796976 123717970 1643271212 -1178689048 1512044282 -1146924980 
690940435 -2065372627 1022905805 899862633 -1053903671 -1351962573 -18023583 1684421246 5434330 -1649302787 
-953500907 -719860414 -922503803 -1422916154 832649914 1255476696 -311495229 -530813758 -1646515407 -448907859 
-1900639865 -1655959287 281687890 1445865860 1655730758 -1991381040 1942095119 2064797134 2088744376 -1782830887 
-1921801000 -1376072642 -344656416 132141100 -1015606463 -219079011 -1659763382 -1839290617 1527689442 -2136214822 
-889455725 90664978 -2017536898 362069092 6000174 -181611818 2093603687 -1266383172 -1813794460 -1961950608 
-307078112 1021500741 -1062025828 517446529 -673489084 1630198878 1086510300 -42439320 511230629 -1568161870 
601990287 693183155 -528471369 -1585741362 1316069256 -666731310 -1871894993 -2020122381 -1883186106 -452126963 
-1380882457 -428384979 416531321 1860494519 -1445709052 -777059420 -1907025211 184671907 2110952793 1969691441 
1127577541 2072613847 -511480818 256968243 -375365806 213160319 -52810116 613281187 1166906628 -271722972 
-199521445 -1837823642 -73834760 182043677 1790370847 -1157260830 1345765843 1318405957 918098590 1971742420 
-1426392825 1112875501 385049845 -1851926689 -1745768619 -782723820 -1975782484 -330631321 836615058 -1365125163 
-2066041320 869858847 -1002281555 -1097199072 -192349951 929835488 -1219659793 -1209151828 -241230973 -916454084 
-1434804091 -1570105300 1869002297 -291739309 -112400581 -2106477120 -465203049 25678180 -1207747702 -1926939986 
249038999 445830054 -1057399084 -607134383 -447229801 331469656 1857466093 399919441 991307649 -984137705 
-1631546147 -763109100 2057236268 689043055 509516771 -1327095181 1552696577 1016632755 2027582653 -1163058512 
157843681 736354064 -1767479002 -1627171416 41336390 1057452512 -898038880 -1027730364 1343771559 -1931904709 
-451612813 996906549 1057479713 -1292951852 241194228 1104827103 -1106725037 74241793 1390360074 536935829 
-1372314743 1367792155 -1277653266 -1729261305 251352603 -1166057720 -1096401103 1758797304 1585985047 -407540971 
690749187 -691711693 899456285 -2043655416 510780593 -1273764673 -1649786230 1782647157 -81576337 1320644689 
-824462119 697595472 1853539415 1048071426 2087257413 547722179 -986618191 -123764671 236521905 -2044101567 
-1852490635 1437917706 -1199941428 -1760881189 -1304275443 -1069747625 1349346416 -937548078 -1336969122 1568281047 
-1672784309 -585719956 -1705180151 -516156963 1267438272 1875520779 1947503853 -821801062 1334052367 -728798598 
1569449456 208916111 452894642 -235978358 333882623 -295958980 86024202 -133017123 -121805998 1512199965 
1153866811 1620930817 -2004730380 1806785238 1849842771 256743360 -175220094 -63798356 748025777 802476213 
1711043634 -897728713 -619064412 -1149305822 1110488343 986976341 1395746898 -1304527615 -919707742 861230178 
2106388442 -1540480168 853544043 -2064603227 766796733 1536616401 2139062321 1217535244 1400532089 1365068937 
1788239391 1162329372 1455171446 799242024 266418768 -1321009118 1488774950 1839880241 -1393373035 -1136969810 
1505448295 97350554 -1811061899 1359518529 -1018200021 1075453599 662996853 1435954245 1593313370 1924941522 
1633279640 -1899371204 909511414 -1433921930 -1796503512 -790828996 -1929988992 982059533 1488144567 -1620402022 
168480409 -554415312 -1199460768 434146277 173230061 660956318 1435546962 -2064802282 72603212 1261020054 
360558734 -558205691 692786969 30390888 -1678607633 1437388573 419549671 -277448631 1891775595 -950060717 
1819885920 816753255 1438519191 1787897939 465208937 1920039485 -1597312144 -1302138628 -1031296637 955112743 
671675735 1182028814 -1731146124 -922425032 1802104669 -2118938334 -1932100059 -311024821 -1457211711 1679176922 
1745627853 926554712 -1253656906 -783018408 -1017359793 -1583684600 142472040 -1689241613 -308157727 -1015066998 
324122945 1768062760 -834615827 425122727 -1985971097 2037413838 1744942395 -211691245 -492983159 1542624909 
2079571535 1139943942 -1947041573 -1142509936 458758159 -839477749 1733361758 -2037936519 -792514903 116109592 
-1191654812 397211797 -1511519821 -1385516835 396452691 -1640601008 1261531283 -2143304864 -1690957400 -1693030677 
1251897632 1584839369 604723007 79378795 -1634849655 811999866 1341600465 1122853332 -1988030859 1773015395 
-2110270020 1678451095 -745287061 1839287699 1050601994 -821306552 -270861452 669291793 1010959531 1965898131 
889954815 1534664684 -1069416443 2111263088 -1538737148 1881452432 -1974535506 1717842837 1824146282 1652211546 
1789329016 424321324 -721035603 1123002991 1219072941 200464326 -1156124741 -845686071 1106953371 -1418221426 
-652333793 -742238830 -1328261806 1711623873 1116678497 -1010878283 1825321899 1135262045 -2023461717 -1223164496 
-666672243 227097624 -178715473 1300796847 639691627 1889131411 5287624 -932859178 1538295056 -922834737 
-753532833 2014171870 -1850403170 2001330144 -366464624 -1865949469 -902088749 -510935585 -909611508 -280267653 
-961001586 -644660700 -384774080 -1805898742 -674835055 -807579980 -1143117130 -1683853228 -577149816 1919998968 
-286129221 -243156141 440977482 2141074352 -481466558 -413840310 229876830 1233282854 -649759992 712616729 
435736256 -1215335258 135610616 1377471699 -269575453 1114427437 -1254550576 -954077811 -929738502 730547039 
-964040189 -501320840 -878488205 -134063938 -322643231 -1178308814 137217219 1560069657 1883808244 -754053800 
1800963944 1717340737 -1852441427 389320031 -970644949 -1248415230 -389693888 -1660579421 1462224550 -2108557231 
-185483829 -1078666048 1398695941 928167361 1018954429 243011617 2061359120 2146554684 -1108225163 190791637 
247804008 -1274825746 -1711371735 -1115263063 774376464 1424968324 -1178840055 1778994546 732189999 -1106981483 
-1150337373 -2046051158 1298180883 -148455584 -1281804407 736036669 1501340793 1791966392 -753147344 600098725 
-1848872437 -223951045 -1123588070 1429069876 1464706345 -1887371574 2059642679 941691824 -1604641045 904330804 
1882415752 1964643108 142764902 1453215540 960977158 896210165 1446841646 1578543517 -512661823 -197637837 
1978957084 -308809261 -1178201013 -1178222799 -1293950383 1621961341 647837782 893751382 1102497402 -1881125512 
-412577893 -572693451 1596213845 715538446 -1786679555 796369371 2023399027 1687770727 -1088621586 -597302679 
970900542 -1324082625 480794385 -551585567 1486936893 2066041049 -825932511 1086333764 -2114617706 -101630926 
1681416720 110639323 -1748437292 -1306250374 127556211 2086726101 783107050 -681824577 -1229052132 1052533778 
-219135112 2074628587 -1077582072 1540550973 -956860596 1789330160 201716603 1130062368 1353920554 1084962625 
2104627817 1433295666 -1865211696 132424835 -228136168 -1117170059 -1870488269 -1660041084 1809522946 354381438 
1108544015 -1109525397 2099362047 -1981593899 845103262 -861075663 689155235 -103373442 1947921062 -1718033584 
-793456668 -1583246889 1609374393 1767222201 -242291456 1920732324 -60447560 -1210391542 1615346333 1402123624 
-2083456360 144740352 212373553 1233121526 -202993304 1515310633 1905458339 2014864710 -2004217198 1610738142 
-1011899598 -144515444 -1483219616 -2125719440 115081878 -1585385082 205102274 1419072929 456526436 97447701 
-456657586 -30731434 -520576330 316079375 1393201031 -1016024951 -56194550 1713137747 335020641 -1913066620 
-445993622 1937867805 -2043977212 -561527989 2086887117 1599842970 1566406352 1322024025 -687862339 -881970498 
-645144415 -1318404977 1861183033 1631481685 -1571247533 -840633751 -107611684 1354763096 -2033118840 -1066828942 
-1914448066 -1703258238 1869776552 -5816839 -337529959 -180593375 674310441 -1142576635 62163631 -1434531279 
716391439 -1377348219 -1134503701 1861225126 -500592970 -253909044 1401213894 664281864 -1436273201 1277642811 
13845612 -1396236219 -146739032 1996112959 948889758 -69586750 277784239 -1397350274 -2115994150 1158724274 
-716740296 464079180 1189075640 -865336405 1070187901 -992438685 -557139306 1898528118 1741075174 -1324427821 
-848683145 -1206973402 2116657547 -1989832137 1733389864 -1765484181 2140433654 -1227388887 -1213159260 -1157920473 
-480168147 -260014345 1277520569 882139969 1807249390 1245018262 -208892694 -278116678 -9860036 1348168918 
814780823 1161722365 1947808282 -376306729 768557147 -1284264838 -1086333802 -1507130437 439554996 -790168203 
-1029686264 -541170276 -1899799319 1978932250 -175319397 -877247040 -1242021336 1925108949 1808313612 430777099 
2110651118 -1915379744 356968370 1160520116 -341512533 223741212 -1278619715 -1057077957 1504876965 131262757 
-1667131198 472438170 -1012835300 -978708576 1641004662 887645114 -2126800978 -931684650 1725692601 806691112 
-1260339460 -1574252410 -285993002 -498565368 -28755058 -1188430858 -1681906935 2135509065 -1962390029 -667994805 
-1561803967 182627098 -1551283156 -128336358 1004910630 798877083 926409290 -409672898 1015465308 -1021474345 
1935227222 774792171 1493798409 -2007724814 135669872 562279939 -1733090156 1287820702 -1265314758 944683944 
-502508880 -1568522797 -134061962 479182353 -431235688 2089630655 810784749 1486602657 -1972745573 1348838906 
-91378030 -441219275 1510926299 127059709 -1311342105 -201797955 -1120002735 -1621937196 1956510624 1927065357 
28133907 1825380882 136870533 -1216669963 -1138708007 1663105286 1423730076 -117126258 1232879293 -1370342869 
1999850886 -1415940138 41425729 1832672484 -1806614487 1292935551 74868886 889366888 -1135922545 1446876931 
-972581605 1825808122 1095738637 1676651260 1249842979 146313566 -2005736025 -1917103951 -170749957 -121820793 
-1726835533 1538649587 1293523754 -29246060 -1730523205 137066026 1755631098 -284773379 514696871 883565226 
1460054839 -1683069431 1683603227 60873802 80842550 693515651 271796766 -2038289865 -2022057960 985581996 
-1427394565 -1658406395 -1963209136 -2138658957 355636843 189256966 2111377761 1618581731 308749555 -1919199521 
1442417900 1026201564 -2081510517 -828376744 389560809 1479880709 1643941760 214042994 -769380300 1574865921 
619815578 762173886 -1828533173 -543317536 -600356735 -1943632404 -1498944170 -1886047529 -287502756 -1760765022 
-259682457 411144755 -1383753542 -726958962 -1952168447 1330079627 -828765259 781880766 457857758 74440757 
1669943636 -757168082 -1875929876 1873937402 843768369 720546 -2005406823 -2056249075 -407702437 124480694 
596617808 688620344 -1214237571 2046911282 1000851522 1046473303 -2048299713 575186339 -1925613463 -337939446 
276021483 1118244134 -974899767 -1262555995 507533652 -931707770 -1620455432 1801304939 -355814925 1257943433 
